0,139,326.4659247149693
1,122,153.52524222420234
2,132,307.4703237712544
3,141,571.9195747655434
4,130,122.494897852931
5,130,196.468827043885
6,99,307.54674441456865
7,121,3188.429080283894
8,123,224.58851261807672
9,133,270.542048487846
10,128,553.3263051762495
11,129,1315.7940568341232
12,137,395.9419149319759
13,122,224.61077445216202
14,127,763.7813823339765
15,137,463.90516272186494
16,130,834.051557159388
17,136,207.96393918177256
18,123,855.3478824431612
19,133,635.2361765516822
20,138,145.57815770231468
21,124,5154.960523612183
22,105,389.1850459614295
23,135,284.00352110493276
24,132,409.18088909429775
25,135,359.0891254271006
26,136,195.386795869117
27,123,668.426510545475
28,127,1721.8446503677385
29,120,662.3971618296684
30,135,471.5612367444975
31,143,639.0281683932251
32,130,213.32838535928593
33,128,88.23264701911646
34,110,132.00378782444085
35,119,936.9877267072392
36,136,302.3722870899382
37,121,8008.001560938908
38,81,520.2201457075648
39,135,768.3749084919418
40,105,370.25666773199373
41,120,264.9849052304678
42,129,310.5430726968483
43,105,494.2003642248759
44,75,1096.9092943356802
45,139,240.6013300046365
46,38,138.91724155050014
47,137,406.00492607848986
48,126,391.52266856466946
49,139,199.82242116439286
50,88,384.52048059888824
51,126,552.5368765973906
52,103,562.2677298227243
53,120,695.2783615214844
54,129,151.47607071745688
55,104,266.54267950930483
56,112,212.7580785775243
57,103,1585.9208681393911
58,134,114.0
59,113,1082.9741455824326
60,121,300.6725793949292
61,109,2140.023364358436
62,112,377.01060993027767
63,100,147.12239802287073
64,122,461.88526713892924
65,120,893.4858700617486
66,131,272.5472436110848
67,124,203.08865059377396
68,142,233.0407689654323
69,129,659.0030348943774
70,140,202.70421801235415
71,108,455.9747800043331
72,136,188.6001060445089
73,142,216.20592036297248
74,126,345.86268951709724
75,118,77.87810988975015
76,125,74.96665925596525
77,115,975.0005128203779
78,134,551.8052192576653
79,88,445.82507780518586
80,142,327.6171546180084
81,86,123.69316876852982
82,118,86.7294644281861
83,140,111.21151019566275
84,124,130.034610777285
85,108,143.65583872575453
86,101,451.7842405396629
87,123,90.00555538409837
88,140,124.59534501738017
89,129,240.00833318866242
90,108,372.40435013570936
91,128,583.4115185698685
92,132,192.31484602078956
93,111,202.7856010667424
94,137,228.70505022845472
95,110,345.5271335221013
96,86,435.4595273960601
97,66,452.48204384262584
98,104,409.8206924985609
99,138,200.6439632782407
100,122,197.75237040298657
101,118,139.70325694127536
102,131,119.36498649101419
103,120,183.22117781522965
104,130,704.6034345644364
105,97,326.6955769519998
106,136,352.120717936335
107,121,259.0077218926108
108,127,1881.4582110692759
109,110,72.67048919609665
110,30,349.2878469113977
111,116,675.1362825385702
112,127,830.6629882208548
113,133,821.0608990811827
114,140,282.39157211220027
115,45,759.3345771134092
116,133,191.65855055279948
117,140,532.5645500782041
118,134,392.4754769409167
119,137,372.5493255932696
120,136,189.76301009416983
121,140,93.38094023943002
122,138,82.97590011563598
123,140,271.44244325455077
124,71,2870.300506915609
125,141,370.3039292257105
126,133,62.80127387243033
127,132,179.93609976877903
128,94,183.87223825254318
129,82,462.0443701637322
130,114,285.5748588373984
131,119,128.3627671873741
132,140,528.5536869609368
133,133,455.80697669079177
134,139,191.12822920751398
135,107,55.226805085936306
136,102,700.1271313125924
137,120,617.831692291679
138,124,224.4147945212169
139,125,526.1568207293335
140,101,188.904737897174
141,102,1305.2053478284556
142,141,219.58369702689677
143,88,30.4138126514911
144,139,752.9594942624736
145,92,276.5013562353718
146,126,160.58953888718904
147,138,238.2120903732638
148,139,690.3716390466805
149,129,237.11811402758752
150,136,44.181444068749045
151,131,221.96396103872357
152,126,97.40636529508737
153,98,534.0936247513164
154,104,202.89159667172024
155,130,215.56437553547664
156,129,335.5964838909967
157,141,1103.1636324680035
158,96,233.58510226467783
159,138,219.0
160,142,225.39077177204928
161,75,645.0496104951928
162,137,661.2911612897907
163,107,850.68090374711
164,142,271.31162894354526
165,142,174.14074767268
166,135,267.9776110050987
167,123,309.00647242412253
168,93,251.57503850740042
169,143,724.5550358668415
170,133,432.60374478268216
171,123,505.83099944546694
172,128,163.41664541900252
173,143,1081.4661344674646
174,131,920.3352649985765
175,115,248.69660230891776
176,142,412.0218440811118
177,112,826.8331149633522
178,135,568.9507887330855
179,121,324.2221460665511
180,136,52.80151512977634
181,144,480.6037869180808
182,124,550.8003267972887
183,120,727.6276520308996
184,129,69.42621983083913
185,70,524.5693471791885
186,127,4629.550302135187
187,109,7141.922500279599
188,120,1144.3015336876902
189,85,1559.9323703289192
190,121,334.94029318671113
191,113,2322.9982780880405
192,118,184.2878183711555
193,123,350.3512523168713
194,129,250.95417908454922
195,124,397.7247792129628
196,122,319.22562553780045
197,94,678.88879796326
198,145,71.11258679024411
199,131,588.9821729050889
200,123,152.73506473629428
201,137,419.00477324250136
202,115,265.55978611228016
203,129,565.7428744579997
204,134,178.64489917151286
205,117,1251.3724465561802
206,125,917.5641666935343
207,137,567.9788728465171
208,139,415.47322416733425
209,141,452.8598017046777
210,122,154.7384890710776
211,121,144.27751037497146
212,121,190.04210059878838
213,141,737.499152541886
214,137,222.0
215,108,697.3894177573961
216,134,226.2785893539201
217,140,151.00331122197287
218,110,168.68906307167634
219,138,281.2578887782528
220,139,1136.370098163446
221,112,82.20097323024831
222,129,1040.0480758118829
223,100,81.27115109311545
224,139,398.4080822473359
225,143,388.03221515745315
226,143,388.36065712170176
227,135,784.9566867031582
228,136,174.26990560621763
229,108,596.7947720950646
230,133,80.95677859203639
231,139,486.59634195090285
232,139,719.7812167596485
233,31,205.29247428973133
234,131,307.37924458232374
235,99,113.77170122662314
236,131,477.63584455105547
237,109,243.6329205998237
238,134,117.63077828527702
239,117,243.90571949013415
240,142,672.4618948312238
241,114,258.5207922005501
242,59,829.2918665946266
243,132,187.27786842016332
244,110,248.9417602572939
245,70,650.4705988743842
246,104,127.1416532848303
247,136,213.59073013593076
248,130,95.75489543621255
249,127,167.35590817177624
250,145,303.59183124715327
251,141,94.13288479590966
252,129,301.8774585821207
253,142,276.6839352040519
254,123,139.44532978913278
255,137,91.09335870413386
256,142,206.0218435020908
257,141,138.70832707519762
258,133,808.412023661202
259,80,186.86893802876924
260,66,424.0
261,140,251.91466809219347
262,139,203.24615617521528
263,76,703.2332472231386
264,127,255.80070367377803
265,141,404.7715405015526
266,87,57.0087712549569
267,94,617.1369378023
268,111,300.8537850850476
269,146,478.72434657117657
270,110,292.43289828608545
271,99,271.1180554666177
272,136,255.15681452785068
273,134,131.47243057006287
274,132,304.50779957170226
275,129,1025.065851543207
276,131,115.31695452100702
277,142,403.8873605350878
278,145,941.3872741863468
279,134,355.95083930228344
280,141,153.00326793895613
281,130,915.589973732784
282,34,111.94641575325224
283,124,60.13318551349163
284,127,207.78113485107352
285,140,288.13885541523206
286,140,169.0
287,110,243.64728605096343
288,113,3126.583598754398
289,136,28.231188426986208
290,140,230.67292862405853
291,131,138.0507153186828
292,141,247.52373623553763
293,105,187.5446613476374
294,48,288.12497288503124
295,131,1012.2613298946078
296,116,143.54441821262157
297,129,1362.2352953876948
298,127,306.3413129174712
299,110,376.0850967533811
300,129,904.7878204308455
301,120,803.8140332191272
302,149,182.7183625145541
303,126,408.32585027156927
304,89,578.6924917432401
305,142,151.82226450688975
306,127,203.69094236121546
307,120,539.1864241614397
308,124,413.8526307757388
309,148,825.4338253306561
310,112,45.880278987817846
311,120,629.3210627334827
312,119,222.91253890259293
313,134,235.34230388946224
314,74,229.34035841953332
315,125,354.9042124292131
316,96,686.3708909911609
317,121,1045.619911822647
318,143,297.9345565724124
319,136,717.5862317519756
320,116,744.8496492581573
321,141,607.0823667345313
322,149,319.164534370597
323,135,471.6990566028302
324,81,443.73528144604416
325,127,93.14504817756014
326,133,986.9549128506327
327,93,111.00450441310929
328,104,275.82965757873103
329,85,421.2944338583172
330,146,246.86838598735156
331,146,323.2243802685682
332,119,85.07055894961546
333,145,125.57467897629681
334,99,119.86659251017358
335,146,1068.5583746337866
336,141,468.77073287482443
337,148,616.2353446533232
338,96,867.3050213160304
339,98,261.02107194630855
340,140,304.2581141070851
341,121,55.569775957799216
342,128,520.1470945799852
343,150,1191.6715151416518
344,138,499.1001903425804
345,83,992.2605504604121
346,95,388.1546083714581
347,100,570.1403336021755
348,128,326.49655434629017
349,142,208.290662296705
350,99,265.1377000729998
351,152,135.00370365289984
352,150,374.8986529717065
353,142,38.01315561749642
354,118,316.28468189275304
355,140,412.98910397248983
356,131,404.5985664828782
357,95,847.5859838388079
358,76,152.26621424334422
359,119,567.6345655437132
360,143,329.59672328468315
361,137,231.19256043393784
362,136,346.0014450836875
363,150,315.1793140420227
364,137,415.5779108663019
365,113,294.8694626440656
366,134,292.86515668477875
367,108,155.66630977832037
368,117,595.1890455981192
369,138,252.12100269513448
370,135,319.88279103446627
371,129,2179.016521277432
372,145,206.90335908341362
373,129,464.38453893298384
374,136,184.6212338816963
375,80,320.2951763608063
376,138,258.26536740337446
377,87,132.60844618650805
378,62,268.4660127464927
379,72,4652.926498452345
380,109,214.28252378577213
381,77,206.0218435020908
382,108,466.84044383493597
383,109,296.29883563726673
384,97,248.02016047087784
385,145,512.0478493266035
386,145,971.0787815620316
387,152,270.2831848265815
388,114,386.29134082969034
389,93,283.3513719747974
390,146,706.5076078854353
391,137,208.00961516237658
392,143,362.27751793342077
393,71,2537.246539065528
394,127,141.3223266154361
395,108,790.4327928419974
396,122,461.351276144328
397,131,840.8168647214445
398,116,107.54068997360952
399,115,1007.698367568391
400,138,257.41989045137905
401,117,756.0588601425156
402,78,244.00819658363937
403,143,726.2231062146122
404,127,283.89434654462565
405,104,1008.7442688808695
406,113,103.36827366266692
407,139,573.663664528267
408,50,476.097679053364
409,125,357.1456285606755
410,128,234.79565583715555
411,82,1225.2562997185528
412,107,342.5857556875358
413,107,339.092907622675
414,154,1164.03651145486
415,113,163.11039206623224
416,138,132.74034804836094
417,141,1265.9261431852965
418,132,308.4444844700582
419,131,59.53990258641679
420,101,209.77368757782756
421,152,156.97770542341354
422,72,68.0294054067798
423,105,250.353749722268
424,105,137.3608386695422
425,144,806.0303964491662
426,145,105.75916035975324
427,117,869.7568625771228
428,101,410.776094728016
429,104,334.0134727821619
430,149,156.95222202950808
431,145,52.81098370604357
432,148,1414.2068448427196
433,114,161.07762104029226
434,144,207.7137453323684
435,109,155.23208431248997
436,149,289.0882218285622
437,129,415.58873901971884
438,115,237.22773868163057
439,126,407.966910422892
440,147,286.08565151017274
441,112,687.1077062586331
442,142,380.48915884687176
443,140,329.1200388915874
444,61,122.53978945632312
445,123,518.960499460219
446,103,1049.6880488983381
447,140,97.94386147176351
448,144,1181.135047316775
449,121,544.8935675891211
450,152,585.5083261577072
451,134,274.0218969352632
452,111,397.32732098359406
453,112,225.39964507514202
454,99,255.44079548889601
455,104,413.05810729242444
456,117,1672.870885633437
457,145,181.8158408940211
458,125,504.0813426422367
459,138,291.95376346264146
460,125,307.14817271147814
461,116,444.5953216128123
462,122,214.3105223734943
463,37,88.60022573334675
464,97,531.331346713141
465,97,41.7612260356422
466,130,392.3263947276553
467,143,193.19679086361657
468,101,327.2460847741345
469,148,2909.794666295201
470,58,219.72937900972642
471,151,167.5857989210303
472,108,965.132633372222
473,138,896.7697586337309
474,116,347.3110997362451
475,118,65.7419196555744
476,114,200.66140635408692
477,133,386.2641583165593
478,135,445.1887240261146
479,147,1238.85188783809
480,122,1087.3495298201035
481,120,642.0918937348454
482,129,1753.4993584258877
483,143,317.37044600907626
484,80,208.290662296705
485,84,986.9270489757589
486,118,146.38647478507022
487,117,390.98849087920735
488,143,513.4247754053168
489,94,856.950990430608
490,91,431.6676962664684
491,126,556.7988864931394
492,117,602.7644647787392
493,154,329.0060789711947
494,128,296.7861182737495
495,144,659.6923525401821
496,110,448.4919174299577
497,67,527.0796903694924
498,96,443.2471094096384
499,138,478.87889909662965
500,97,453.5603598199472
501,142,439.27326347047347
502,127,521.003838757451
503,141,727.2723011362388
504,130,45.45327270945405
505,143,338.3208536286228
506,99,304.33205549202336
507,149,133.33041663476493
508,147,567.8741057664101
509,152,174.9514218290323
510,133,392.56209699867867
511,120,1222.2012927500937
512,66,349.79422522391644
513,134,141.60508465447137
514,146,129.46814279968643
515,116,182.18671740826773
516,94,167.5291019494822
517,143,1009.4008123634536
518,97,112.53888216967503
519,78,258.7856255668
520,67,961.1992509360377
521,124,396.8122981965151
522,124,164.12495239907915
523,44,79.07591289387686
524,13,108.30050784737807
525,112,214.6928037918365
526,125,581.1660692091375
527,98,137.17871555019022
528,121,203.4158302591025
529,131,697.1613873415538
530,146,120.0
531,147,643.4663938388702
532,130,414.004830889689
533,142,232.63920563825866
534,103,1612.2037712398517
535,106,112.16059914247963
536,77,239.841614404173
537,135,356.23728047468586
538,110,344.55333404278645
539,136,1012.6341886387206
540,152,525.4883443046097
541,152,226.31394124092313
542,141,277.5968299530814
543,146,306.86316168611705
544,101,309.3428518650463
545,147,560.7111555872596
546,78,67.06713054842886
547,134,192.28364465029262
548,137,407.87865842674336
549,136,384.1041525419896
550,132,485.2751796661354
551,100,298.2113344593059
552,151,86.82165628459296
553,135,391.63503418361336
554,140,701.3643846104534
555,69,457.55109004350544
556,142,224.59073890078372
557,138,51.15662224971465
558,112,627.3475910529983
559,112,394.54784247287427
560,73,77.79460135510689
561,118,251.52534663528445
562,58,216.26141588364763
563,130,260.5724467398654
564,147,223.32935319836486
565,104,67.11929677819934
566,111,358.4689665786984
567,124,212.5323504786977
568,125,518.0887954781497
569,129,851.8033810686595
570,89,436.84894414431176
571,127,314.5790838565082
572,155,524.4358874066495
573,149,227.51703232945002
574,145,183.84776310850236
575,80,443.8423143414787
576,149,163.6001222493431
577,151,1787.2999188720398
578,147,107.54068997360952
579,145,283.28254446753334
580,125,360.0902664610639
581,137,787.2363050571283
582,111,285.17538463198395
583,152,15.0
584,137,487.8770336877931
585,119,330.1030142243479
586,152,262.8802008520231
587,136,166.58031096140985
588,108,658.1800665471418
589,131,436.6062299143245
590,117,817.1621626091115
591,147,689.035557863308
592,134,401.29415644885734
593,134,525.3808142671371
594,112,327.8795510549568
595,110,370.71417561242515
596,94,679.6123895280309
597,73,33.97057550292606
598,109,28.284271247461902
599,140,244.2396364229197
600,147,307.31905245200795
601,129,619.0589632660204
602,119,385.40627913929995
603,134,1792.3015929245837
604,139,1398.450928706474
605,134,363.39785359850435
606,141,849.4192133452127
607,101,691.5865817090439
608,45,261.3446000972662
609,147,769.2730334543127
610,146,508.44960418904844
611,144,1069.4881953532727
612,130,206.00970850908945
613,133,164.46884203398528
614,138,699.3718610295956
615,65,619.5845382189584
616,103,503.2385120397683
617,83,360.9348971767623
618,138,268.9107658685312
619,105,92.04890004774636
620,145,240.16869071550522
621,147,363.92993831230757
622,137,417.48413143495645
623,108,742.6472917879657
624,145,155.82361823549087
625,132,694.0583548953215
626,123,234.93190502781866
627,143,336.09076155110245
628,129,1037.3258890049935
629,136,748.2512946864844
630,134,229.98478210525147
631,124,392.7963849120814
632,103,834.5064409577676
633,140,445.2022012524197
634,136,290.0431002454635
635,112,579.1200221024999
636,135,116.0775602776006
637,120,678.0029498460902
638,134,819.3192296046761
639,146,184.50474248647376
640,146,412.6802636424475
641,121,254.5937941113255
642,120,299.8216136305053
643,124,251.23096942853203
644,107,705.0453886098397
645,70,871.6404075075914
646,147,920.6242447383188
647,121,139.29106216839614
648,143,930.7889126971808
649,120,29.546573405388315
650,121,205.37283169883986
651,143,247.41261083461367
652,126,560.357029044876
653,112,78.26237921249263
654,139,451.8074811244276
655,145,390.69809316145887
656,81,695.1496241817297
657,133,658.8087734692064
658,129,1279.5581268547357
659,130,108.16653826391968
660,44,267.15164233071823
661,106,53.2634959423431
662,129,4182.950633225308
663,138,103.4456378974
664,136,479.7415971124455
665,126,573.021814593476
666,139,2465.876314821974
667,145,135.09256086106296
668,125,255.068618218706
669,124,1141.401331697138
670,134,240.26027553467927
671,123,265.8270114190806
672,135,1048.212287659327
673,121,268.63357943488745
674,139,985.7078674739286
675,130,280.6153951585693
676,121,329.21877224727024
677,139,934.94919648075
678,131,738.2391211524895
679,132,235.5674001214939
680,101,500.2019592124765
681,115,232.36178687555318
682,129,489.28110529633165
683,100,149.40214188558343
684,115,252.1150531007619
685,111,485.60065897813604
686,133,379.6801285292661
687,145,348.2427314388629
688,129,661.7990631604127
689,65,381.0774199555781
690,137,342.54634722910123
691,126,395.3036807316623
692,100,468.7355331100897
693,140,196.36700333813724
694,131,946.6076272669685
695,134,124.78781991845197
696,107,379.23080043688435
697,145,118.3427226321923
698,125,17.804493814764857
699,123,486.16149580154945
700,142,59.30430001273095
701,124,203.0615670184784
702,146,261.6906570743404
703,123,197.0406049523803
704,146,388.2022668661274
705,134,148.93287078412206
706,137,948.9346658226793
707,121,134.7664646712972
708,131,330.8609980036934
709,103,362.1380952067871
710,133,416.8608880669905
711,145,149.48578527739687
712,131,351.7101079013795
713,139,652.9356783022353
714,133,1027.2341505226548
715,26,331.85087012090236
716,78,178.61970775925036
717,123,511.3521291634562
718,132,100.72239075796404
719,110,183.09833423600554
720,129,738.5837799464595
721,136,155.1934276958918
722,115,173.6663467687393
723,142,125.57467897629681
724,131,491.8058560041757
725,131,942.3868632361128
726,130,500.7594232762874
727,132,125.01599897613104
728,133,601.8978318618534
729,136,212.08488866489287
730,125,320.2577087284551
731,134,168.96153408394468
732,146,123.4382436686459
733,129,2149.809526446471
734,126,319.03761533712606
735,132,333.54160160315837
736,114,275.04545078950133
737,92,145.52319402761884
738,120,370.46592285930967
739,106,194.09533739891847
740,131,447.4036209062238
741,125,466.44399449451595
742,120,806.1290219313531
743,137,949.6341400771141
744,146,423.42649893458486
745,142,188.60805921274945
746,96,1793.6312330019234
747,70,958.9374327869364
748,131,333.33016665162484
749,100,884.7965867926932
750,134,393.8019806958822
751,121,126.90547663517127
752,145,430.52061506970836
753,143,272.72146963523056
754,146,530.2122216622322
755,141,333.66150512158276
756,143,764.8385450537911
757,144,1559.6435490200959
758,132,36.05551275463989
759,109,90.55385138137417
760,138,231.0411218809327
761,135,366.0191251833707
762,147,422.6038333948238
763,137,781.7397265074866
764,146,382.58201735052836
765,96,1631.0649895083886
766,119,153.93829932800998
767,147,427.365183420456
768,126,428.4355260713098
769,144,2102.0713593976775
770,135,498.75946106314615
771,123,529.9528280894442
772,102,451.089791504973
773,124,120.03332870498926
774,107,627.873394881484
775,131,1758.4234416089885
776,105,598.2942419913466
777,137,162.73291000900832
778,124,85.0
779,139,646.1284701976845
780,141,692.9877343791879
781,135,512.0644490686694
782,139,33.61547262794322
783,125,288.6468430452687
784,130,92.09777413162601
785,133,837.9033357136132
786,111,207.40781084616847
787,126,251.83526361492744
788,114,264.5996976566678
789,103,2581.392841084053
790,136,215.11392330576837
791,132,68.06614430096654
792,107,516.0474784358508
793,140,74.96665925596525
794,111,409.48382141422877
795,111,211.28653530218153
796,107,291.247317584214
797,123,124.32618388738553
798,145,1230.4348824704216
799,141,1240.9198201334364
800,123,827.4841388207994
801,143,406.6017707782395
802,147,175.32826355154492
803,145,873.1288564696507
804,133,1047.493198068608
805,141,2254.742779121379
806,119,508.1663113587913
807,145,315.35694062442957
808,95,256.62813563598206
809,133,1072.150176048113
810,135,517.4263232577175
811,133,776.3407756906756
812,103,2397.412146461263
813,116,98.0
814,127,509.28675616002425
815,146,480.2020408119899
816,146,464.9053667145605
817,115,248.67649667791284
818,125,257.8565492672234
819,130,273.38617375427015
820,100,101.21264743103995
821,131,1412.7720976859644
822,137,1186.3936951956548
823,117,322.2374900597384
824,117,466.88114119120297
825,129,1400.9414691556533
826,116,165.75886099994776
827,123,295.28630174798155
828,135,480.0041666485823
829,79,30.528675044947494
830,114,288.4059638773096
831,146,426.81260524965757
832,127,394.9746827329569
833,102,327.5881560740559
834,102,65.79513659838392
835,141,977.4343967755585
836,119,392.3901120058965
837,121,149.84325143295575
838,107,265.27155897306443
839,140,53.33854141237835
840,143,1003.3967311088869
841,142,1334.38712523765
842,54,277.89386463180506
843,99,487.05646489909157
844,145,1108.0451254348804
845,128,412.69964865504795
846,138,445.9417002254891
847,139,456.2477397204286
848,145,210.71782079359116
849,136,554.2860272458615
850,140,231.42385356743154
851,102,2219.983783724557
852,101,811.4702705583243
853,145,209.15305400591214
854,142,168.31518053936787
855,78,184.26068490049633
856,140,238.53720883753127
857,137,215.42516101885593
858,132,205.11947737842937
859,131,628.4974144735999
860,116,235.55254190944322
861,99,188.32153355365392
862,119,309.2507073556987
863,101,601.921091173918
864,137,1484.3143198123503
865,138,141.39660533407442
866,129,2004.200089811394
867,114,232.47580519271247
868,117,582.0309270133332
869,123,389.76018267647606
870,136,372.1357279273249
871,137,861.0720062805433
872,135,357.2002239640955
873,143,634.9055047800421
874,138,227.43130831088317
875,119,208.25465180878913
876,137,262.6175927084855
877,117,693.4010383609185
878,138,326.6573127912492
879,138,328.5254936835192
880,135,202.25231766286387
881,123,297.31632985761144
882,135,383.3562312001724
883,145,544.45018137567
884,138,733.501874571565
885,141,1204.376187077775
886,136,190.68560512005095
887,140,144.22205101855957
888,142,76.23647421018367
889,144,4744.8904096933575
890,114,52.839379254491625
891,142,231.19256043393784
892,135,468.81232918941026
893,141,838.5660379481153
894,115,114.48143954370944
895,122,215.18828964420902
896,103,4099.017565222184
897,138,367.5391135648014
898,118,137.23337786413333
899,146,217.68095920406083
900,150,191.10729970359583
901,122,380.2656965859529
902,147,608.6986117940471
903,131,891.9310511468922
904,138,280.49242414011826
905,109,268.92378102354576
906,117,3215.508979928372
907,141,863.826950262609
908,104,327.9954267973869
909,124,169.00295855398508
910,75,98.6154146165801
911,112,465.1720111958586
912,123,417.02038319487457
913,98,152.0526224699857
914,150,112.17842929904127
915,126,196.86035659827502
916,85,1227.7239103316347
917,119,222.03603311174518
918,134,164.40194646049662
919,131,685.9300255857007
920,125,336.00595232822883
921,131,170.3907274472411
922,121,151.74320413119
923,95,1381.0438081393363
924,144,889.6858996297514
925,131,591.0346859533711
926,135,903.3498768472822
927,138,134.08206442324789
928,114,766.6557245595966
929,137,99.18165152889924
930,124,174.26990560621763
931,93,728.8813346492007
932,145,27.018512172212592
933,106,106.7941945987702
934,134,1086.69130851406
935,148,1099.7017777561332
936,146,713.3897952732433
937,150,587.4427631693151
938,107,1690.6596345805385
939,86,1707.0421787407597
940,128,7.211102550927978
941,81,1114.5873675939451
942,149,263.7062759966095
943,87,921.2784595332727
944,87,223.37860237721964
945,101,118.06777714516353
946,98,690.2941402040148
947,124,168.31518053936787
948,142,293.0614270080592
949,120,321.26313202731495
950,142,54.74486277268398
951,90,225.07776433935007
952,135,168.07438829280326
953,125,57.0087712549569
954,145,226.8942484947558
955,143,1316.4801555663496
956,73,71.02112361825881
957,132,268.73406929527937
958,148,1184.7755061613993
959,74,128.3160161476345
960,144,2878.2378289502067
961,152,185.9139585937538
962,124,830.1867259839801
963,135,529.8546970632609
964,132,509.90685423908553
965,121,198.2952344359289
966,119,258.3118270617898
967,108,581.0654007940931
968,137,948.0611794604819
969,143,430.2940854810812
970,132,173.65770930194836
971,135,682.440473594584
972,143,418.57018527362885
973,147,600.2932616646634
974,138,514.3938180032882
975,118,355.6304261448955
976,139,1605.870480456005
977,128,840.102969879288
978,144,210.48752932181043
979,128,267.7106647109898
980,134,133.3641631023867
981,100,58.137767414994535
982,112,216.9331694324314
983,116,212.43822631532208
984,145,261.1225765804252
985,149,409.68890636676997
986,149,228.52789764052878
987,128,194.82556300444764
988,139,1783.2871333579458
989,83,371.07950630558946
990,115,197.22575896672322
991,141,998.1232388838565
992,73,374.0401048016108
993,132,210.95260131128984
994,115,1585.229951773559
995,133,1153.567076506607
996,63,620.966987850401
997,144,102.88342918079665
998,91,167.69317219254933
999,141,338.3622319349487
1000,112,416.51530584121394
1001,132,116.46887996370532
1002,97,359.22694776422327
1003,115,103.81233067415451
1004,118,528.6132801964022
1005,105,195.80091930325557
1006,32,310.09837148879063
1007,130,366.001366117669
1008,118,166.94010902116963
1009,140,238.3463865889307
1010,124,371.22769293251815
1011,129,3878.958880936997
1012,125,163.46559270990332
1013,126,1079.8157250197833
1014,119,138.2208377922808
1015,132,182.33211456021672
1016,125,158.14550262337528
1017,131,590.0415239625089
1018,79,420.1059390201476
1019,113,172.20046457544765
1020,144,252.94465797877606
1021,80,527.0341544909589
1022,100,650.8717231528806
1023,138,475.02631506054485
1024,70,614.5640731445338
1025,146,106.3296760081587
1026,105,358.6446709488376
1027,133,796.0508777710128
1028,141,1722.9190346618147
1029,124,250.54540506662659
1030,129,2699.6447914494233
1031,139,450.46864485777473
1032,94,154.93547043850222
1033,125,695.4279258125891
1034,82,355.1140661815581
1035,109,156.97452022541748
1036,131,1033.9293979764768
1037,79,150.0966355385756
1038,136,415.7811924558397
1039,133,15.652475842498529
1040,148,899.4509436317247
1041,131,729.4004387166216
1042,138,398.1205847478877
1043,145,235.29555881911583
1044,106,96.25487000666512
1045,134,294.02891014320346
1046,150,34.655446902326915
1047,119,250.0
1048,125,110.8873302050329
1049,108,609.6498995325104
1050,137,178.86866690396056
1051,137,305.1245647272602
1052,117,1712.3799227975082
1053,127,1357.0545309603442
1054,124,100.23971268913334
1055,84,483.6796460468437
1056,111,193.14502323383846
1057,124,374.16172973728885
1058,115,263.751777245197
1059,71,119.81652640600127
1060,134,237.60681808399355
1061,123,865.815222781397
1062,130,1024.414466902923
1063,124,448.57998172009417
1064,116,248.60008045050992
1065,115,275.61023203067043
1066,124,1245.678931346276
1067,136,148.67750334196495
1068,101,429.0291365396994
1069,139,1509.262402632491
1070,109,225.88713996153035
1071,85,2780.3355912551274
1072,108,425.21523961401004
1073,44,326.60220452409686
1074,139,1348.2507185238212
1075,106,387.54741645378056
1076,130,569.8069848641732
1077,121,229.19205919926634
1078,133,186.11824198610947
1079,128,829.2002170766721
1080,107,265.27155897306443
1081,139,425.10234061929134
1082,140,479.3537316012049
1083,117,195.50959055759898
1084,140,527.8674075939904
1085,121,43.04648650006177
1086,122,154.2595215861893
1087,137,1030.3557638019986
1088,139,1422.7086841655253
1089,135,461.5463140357639
1090,136,163.3431969810803
1091,140,2479.045784167771
1092,138,396.7581127084864
1093,95,1647.8862218005222
1094,119,856.1833915698202
1095,134,953.3294288964335
1096,139,1992.5190086922635
1097,129,116.45600027478189
1098,142,481.89832952605263
1099,83,292.3439754809392
1100,117,226.14154859291116
1101,144,335.9315406448165
1102,144,5.0990195135927845
1103,111,179.8054504179448
1104,131,3629.8436605451757
1105,114,270.9852394504173
1106,127,348.1738071710737
1107,100,403.84155308734637
1108,47,214.5809870421888
1109,126,533.127564472144
1110,123,270.667692937299
1111,133,615.2332890863432
1112,112,598.3243267660107
1113,143,520.8243465891355
1114,133,321.8850726579286
1115,125,288.18917398125836
1116,142,512.9463909610828
1117,123,441.9875563859236
1118,131,2097.711133592993
1119,136,407.6824744822863
1120,142,87.80091115700337
1121,139,4742.210665923647
1122,137,327.8353245152206
1123,142,180.22763384120648
1124,131,4278.918087554376
1125,143,183.87223825254318
1126,139,243.50154003619772
1127,9,44.40720662234904
1128,133,61.5223536610881
1129,133,1251.409205655768
1130,109,474.03058973024093
1131,127,237.48894711122873
1132,124,129.5414991421668
1133,111,266.8501452126268
1134,140,695.7851679936847
1135,121,589.3360671128147
1136,142,468.8368586192856
1137,118,236.18001608942276
1138,141,2157.3910169461633
1139,136,1848.827736702368
1140,134,231.3114783144148
1141,133,538.9072276375591
1142,113,168.61791126686393
1143,140,240.7072911234722
1144,129,244.69777277286363
1145,139,630.1468082915283
1146,138,269.3176563094221
1147,133,444.6301834108881
1148,110,172.10461934532728
1149,138,622.8779976849399
1150,131,242.84357104934855
1151,133,1793.036530581572
1152,125,372.4298591681392
1153,108,356.5571482946317
1154,129,342.3448553724738
1155,133,1335.753345494594
1156,136,62.24146527838174
1157,119,983.8907459672542
1158,137,855.6851056317388
1159,136,401.1246688998322
1160,132,242.15697388264496
1161,132,222.28360263411244
1162,139,139.61733416735902
1163,139,160.86329600005092
1164,100,681.0264312051332
1165,83,558.0143367333853
1166,137,325.0246144525057
1167,127,5.0990195135927845
1168,140,315.67388235329196
1169,133,248.55784035109414
1170,119,457.73900860643283
1171,115,448.78614060596834
1172,99,493.69018625044595
1173,141,553.6180994151113
1174,138,383.20751558391964
1175,126,1153.9848352556457
1176,105,557.9435455312661
1177,136,176.96327302578916
1178,131,92.19544457292888
1179,138,118.87808881370864
1180,134,265.83077323741134
1181,136,422.7647099747092
1182,127,195.35864454894235
1183,139,540.5598949237725
1184,122,593.6227758433802
1185,139,67.97793759742936
1186,134,544.3032243152708
1187,117,99.80981915623332
1188,113,332.776201072132
1189,140,638.8395729758763
1190,140,194.4350791395421
1191,130,331.8101867031813
1192,143,521.1381774539263
1193,139,286.19573721493475
1194,134,382.3414704161713
1195,72,155.93909067324972
1196,141,1977.5846378853169
1197,142,316.40006321111883
1198,142,148.60013458944107
1199,108,788.1218179951625
1200,136,1337.1978163308524
1201,111,312.6403684747061
1202,73,236.75514777930383
1203,125,322.2436966024316
1204,143,661.9864046942354
1205,119,226.75316976836288
1206,109,224.66196829904254
1207,109,538.0204457081534
1208,130,915.127313547137
1209,130,37.36308338453881
1210,123,492.2946272304828
1211,127,202.98768435548004
1212,79,405.62174497923553
1213,137,403.49597271843993
1214,120,574.2334020239506
1215,119,277.0018050482704
1216,141,1838.6127922974972
1217,126,129.1239714383042
1218,110,518.9576090587747
1219,129,203.11819219360927
1220,106,105.99056561788883
1221,139,225.07776433935007
1222,132,280.1446055165082
1223,142,404.9456753689314
1224,109,63.12685640834652
1225,120,150.62536307010186
1226,92,134.8369385591352
1227,116,497.1679796607983
1228,143,256.03515383634334
1229,110,726.0592262343341
1230,103,432.00925916003234
1231,134,96.317184344228
1232,120,1464.3718789979546
1233,123,771.4382671348369
1234,136,279.58898404622454
1235,129,163.48700254148645
1236,136,494.9828279849716
1237,92,114.02192771568107
1238,137,849.4562966980703
1239,86,229.94129685639334
1240,124,163.95731151735808
1241,132,168.32409215557945
1242,95,835.944974265651
1243,136,394.80754805347885
1244,67,826.4484254930854
1245,88,467.6002566295275
1246,143,1528.6333765818408
1247,137,2419.4230717259848
1248,131,169.85287751463028
1249,100,131.4610208388783
1250,118,127.09445306542689
1251,142,281.40007107319644
1252,99,220.41097976280582
1253,92,702.8200338635774
1254,135,321.21021154378013
1255,142,748.216546195017
1256,88,602.0373742551204
1257,138,175.1142484208524
1258,95,453.1103618325231
1259,136,93.60021367496978
1260,136,566.4282831921442
1261,84,464.52125893224735
1262,22,448.8128786030989
1263,122,220.83930809527547
1264,69,936.9231558671181
1265,141,2315.0330451205227
1266,139,161.533278305122
1267,135,777.0025739983105
1268,138,71.02112361825881
1269,102,192.7615106809448
1270,117,73.10950690573696
1271,84,1329.649577896372
1272,58,276.70381276737044
1273,89,212.72047386182646
1274,140,620.0725763973118
1275,122,407.4272941274308
1276,129,80.15609770940699
1277,61,555.9253547015103
1278,129,109.48059188732951
1279,128,94.72592042308166
1280,121,1289.5782256226257
1281,126,348.7491935474547
1282,112,1051.1598356101701
1283,112,339.70575502926056
1284,87,477.29760108343305
1285,97,116.73045875006231
1286,128,199.42166381815193
1287,91,419.1288584671783
1288,127,362.70373585062504
1289,117,266.7508200549719
1290,133,397.06170805052454
1291,79,221.38653978957257
1292,131,264.15336454416024
1293,106,191.92706948213427
1294,107,193.08029417835473
1295,128,171.82840277439584
1296,141,403.47614551544433
1297,105,73.10950690573696
1298,143,1088.5531682008004
1299,138,198.97738564972653
1300,107,251.78165143631892
1301,132,205.1389772812568
1302,93,693.0144298641984
1303,121,120.50311199301038
1304,137,1231.6578258591142
1305,117,117.95338062132852
1306,126,1304.0862701524006
1307,136,438.39822079930934
1308,116,398.6627647523656
1309,140,379.52602018833966
1310,136,640.7386362628681
1311,64,591.358605247273
1312,81,263.9109698364204
1313,72,192.4266093865399
1314,127,1222.2377019221751
1315,110,235.6713813766958
1316,94,521.9731793876003
1317,113,250.4795400826183
1318,112,512.8372061385562
1319,138,240.74052421642685
1320,116,856.1267429534017
1321,79,276.0
1322,112,626.0774712445736
1323,141,189.70766985021982
1324,113,309.61266123981426
1325,108,621.0579683089172
1326,104,217.671771252039
1327,139,215.23243250030885
1328,115,37.48332962798263
1329,77,168.34488409215172
1330,115,106.04244433244644
1331,121,556.0035971106662
1332,134,105.72133181151285
1333,80,352.6825768307814
1334,95,459.0
1335,106,248.2438317461282
1336,95,193.87109119205988
1337,68,675.871289521903
1338,128,335.2014319778482
1339,79,266.47513955339247
1340,108,279.89283663573815
1341,135,340.84600628436294
1342,72,246.48326515201796
1343,136,1159.8642161908435
1344,136,161.74362429474616
1345,107,254.56236956785267
1346,121,263.6380093992518
1347,106,286.048946860498
1348,60,976.0379090998464
1349,118,84.87638069569178
1350,126,386.50485119853283
1351,58,240.41630560342617
1352,70,1562.5370395609827
1353,31,483.83881613611777
1354,130,312.0256399721023
1355,123,604.5312233458252
1356,128,270.8228203087768
1357,78,309.9629010059107
1358,12,150.88074761214565
1359,101,530.904887903662
1360,126,725.8897987986882
1361,64,508.70915069418595
1362,102,485.4987126656465
1363,79,144.9310180741169
1364,59,196.02550854416882
1365,119,413.3194890154588
1366,54,316.21827904155066
1367,123,800.2305917671481
1368,93,120.07081243999309
1369,132,66.06814663663572
1370,131,799.8556119700605
1371,31,126.81088281373961
1372,90,132.2800060477773
1373,127,152.0690632574555
1374,130,265.8589851782332
1375,130,302.00165562460086
1376,126,232.0021551624036
1377,128,500.32089702509927
1378,114,432.9457240809753
1379,118,385.0207786600614
1380,129,264.02462006411446
1381,101,636.5940621777743
1382,132,323.8965884352597
1383,129,33.421549934136806
1384,118,197.18519214180358
1385,132,221.22612865572637
1386,132,584.2302628245134
1387,119,423.1370936233315
1388,101,935.271618301336
1389,130,649.0377492873585
1390,122,176.2554963681984
1391,117,261.43067914841214
1392,56,254.2833065696606
1393,117,952.1769793478521
1394,131,267.34621747838514
1395,54,144.04513181638595
1396,126,825.9782079449797
1397,125,557.9910393545761
1398,121,67.62396025078685
1399,130,420.5948168962618
1400,123,596.5240984235255
1401,130,140.21768789992225
1402,129,64.63745044476924
1403,124,359.86942076258714
1404,46,556.9245909456683
1405,130,295.71100757327247
1406,124,517.858088669087
1407,127,191.0026177831079
1408,80,299.60807732769825
1409,118,221.38202275704322
1410,130,279.0931744059679
1411,106,486.5757906020397
1412,114,681.5607089614248
1413,128,644.0287260674014
1414,126,248.29015284541592
1415,127,117.5967686630887
1416,119,565.0
1417,133,2240.584075637422
1418,124,341.4805997417716
1419,29,546.0329660377658
1420,112,343.582595601116
1421,34,366.93459907727424
1422,43,157.8670326572334
1423,132,486.0010288054954
1424,130,1997.0991462618974
1425,130,731.6665907365185
1426,127,727.2001100109928
1427,131,135.1628647225265
1428,101,1006.4179052461259
1429,123,831.8202930922039
1430,123,541.9566403320472
1431,75,145.04137340772803
1432,130,114.54256850621083
1433,122,828.0320042123976
1434,110,687.6750686188935
1435,125,564.825636811928
1436,117,129.83836104942176
1437,121,315.7340653144668
1438,131,192.5123372669918
1439,59,605.6277734714616
1440,132,87.82368700982668
1441,79,131.06105447462264
1442,119,944.9089903265817
1443,130,647.6542287362911
1444,103,102.61578825892242
1445,132,366.06693377031473
1446,124,99.98499887483122
1447,128,115.0
1448,131,226.03539545832197
1449,111,116.01724009818541
1450,123,348.4838590236282
1451,32,303.4237960345233
1452,131,105.07616285342742
1453,125,125.53883861180172
1454,132,2278.373103773831
1455,108,277.1894658893083
1456,109,409.2138805074921
1457,124,251.7339865810733
1458,106,132.83448347473634
1459,107,355.07745633875436
1460,127,98.08159868191383
1461,127,233.02574965011914
1462,130,48.30113870293329
1463,118,222.79138223908032
1464,112,110.65260954898443
1465,127,1280.6068873780118
1466,128,1069.4844552400002
1467,127,495.16158978660695
1468,129,798.9255284442975
1469,88,403.54677547962143
1470,95,690.2941402040148
1471,95,399.38202262996265
1472,112,109.78615577567146
1473,79,220.27482833950864
1474,122,518.205557669927
1475,126,305.6435832796102
1476,73,261.2680615766114
1477,126,966.7124701792152
1478,129,110.4943437466371
1479,124,318.76323501934786
1480,21,275.54491466909707
1481,105,379.52206786957726
1482,127,69.00724599634447
1483,123,545.5648449084673
1484,129,836.5691842280589
1485,117,395.7183341721735
1486,98,115.66330446602328
1487,25,338.7535977668724
1488,116,1483.397788861774
1489,50,453.1103618325231
1490,99,386.9431482789171
1491,109,447.532121752171
1492,129,134.41726079637243
1493,121,358.71018942873644
1494,110,96.76776322722355
1495,132,158.14550262337528
1496,126,968.3826722943777
1497,131,153.95129099815955
1498,117,240.63457773146402
1499,129,164.64810961562844
1500,122,226.58552469211267
1501,139,151.47607071745688
1502,126,592.095431497322
1503,114,337.12460604352214
1504,87,372.2646907779463
1505,98,350.2741783232101
1506,98,142.86357128393507
1507,121,203.78910667648555
1508,85,5626.614790440163
1509,96,493.46529766539817
1510,120,990.5806378079475
1511,98,116.76043850551436
1512,133,823.4154479969392
1513,114,267.7106647109898
1514,84,1121.206493024367
1515,115,674.7006743734587
1516,111,628.6405968436974
1517,111,192.80041493731284
1518,119,651.1436093520384
1519,82,62.12889826803627
1520,78,498.84366288447524
1521,86,279.0017921089397
1522,138,171.64206943520577
1523,122,120.41594578792295
1524,99,171.04970037974343
1525,108,1262.2400722525015
1526,99,247.52373623553763
1527,61,193.86851214160592
1528,142,76.11832893594026
1529,97,76.69419795525604
1530,140,509.4192772167147
1531,100,406.0738849027354
1532,107,533.9138507287482
1533,131,203.5706265648362
1534,96,2066.059534476197
1535,93,336.68976818430343
1536,111,352.0184654247558
1537,140,280.71693928225994
1538,130,397.665688738669
1539,136,500.2799216438733
1540,133,1165.3686112127784
1541,131,279.0161285660741
1542,140,150.90394295710104
1543,111,434.9678149012867
1544,83,355.60089988637543
1545,109,466.4118351843143
1546,112,828.785255660355
1547,106,226.79726629745784
1548,128,142.1442928857856
1549,139,275.4850268163408
1550,60,271.01660465735307
1551,131,143.95138068111746
1552,112,777.1261158911082
1553,126,779.0250316902532
1554,132,186.560981987124
1555,116,751.5317691222374
1556,73,184.13310403075272
1557,119,357.169427583045
1558,96,3294.836718260861
1559,112,638.0195921756635
1560,138,90.08884503644167
1561,129,545.3530966263967
1562,25,56.0
1563,119,152.10851389715174
1564,131,189.7893569197177
1565,75,56.00892785976178
1566,119,307.46707140765494
1567,142,194.1957775030137
1568,108,956.3080047767037
1569,135,422.5221887664599
1570,136,471.4848884110709
1571,115,169.92056967889437
1572,142,259.73832986296037
1573,125,160.20611723651504
1574,137,947.8649692862375
1575,131,217.40745157422734
1576,138,99.28242543370907
1577,95,1012.8968358130062
1578,136,172.16561793807728
1579,125,1360.5164460600981
1580,132,205.86646157157313
1581,121,598.4688797255877
1582,106,150.78461459976612
1583,131,160.01562423713506
1584,109,318.64243283028077
1585,124,598.2415899952125
1586,79,105.72133181151285
1587,131,157.2768260107
1588,137,3725.4794322341922
1589,101,1019.3380204819205
1590,121,170.8156901458411
1591,142,1112.986972071102
1592,66,906.1489943712347
1593,109,82.00609733428362
1594,56,251.11352014576994
1595,106,261.0
1596,108,210.05951537600004
1597,93,1250.587861767417
1598,110,233.09440147716975
1599,136,683.0358702147348
1600,136,136.02940858505562
1601,135,566.8103739347049
1602,79,294.59803122220626
1603,60,648.6485951576554
1604,111,529.4799335196755
1605,90,87.04596486914255
1606,105,434.54919169180374
1607,77,157.0350279396288
1608,133,2177.193147150707
1609,109,78.44743462982075
1610,101,96.26006440887103
1611,127,353.4543817807328
1612,101,613.1769728226917
1613,83,316.16609558901155
1614,110,245.12241839538055
1615,95,935.9882477894688
1616,128,320.22023671217283
1617,99,302.9867983922732
1618,137,716.3693181592857
1619,56,128.15615474880636
1620,76,268.47718711279737
1621,136,245.01836665850175
1622,138,660.9841147864297
1623,106,765.2849142639623
1624,46,536.0037313302959
1625,92,525.4636048291071
1626,78,216.8985938174796
1627,118,342.94751785076386
1628,98,60.74537019394976
1629,88,379.85786815597226
1630,105,297.51302492496023
1631,134,100.80674580602232
1632,112,1051.7247738833578
1633,80,596.8249324550709
1634,137,125.53883861180172
1635,142,237.00210969525145
1636,136,67.72001181334805
1637,59,554.2030313883171
1638,135,232.54461937443318
1639,111,215.14878572745886
1640,129,371.06468438804575
1641,111,321.21176815303636
1642,125,497.01609631882144
1643,142,449.1603277227409
1644,109,177.01129907438113
1645,103,322.6019218789622
1646,95,315.6263613832026
1647,113,152.3975065412817
1648,83,387.7034949545851
1649,99,181.64801127455263
1650,138,519.2167177585868
1651,105,22.02271554554524
1652,115,123.06502346320826
1653,59,218.33002542023394
1654,108,353.4176000144871
1655,129,282.63934616397626
1656,74,465.3869357856965
1657,124,592.5580140374443
1658,131,110.81967334368028
1659,132,335.0492501110844
1660,128,97.12363255150623
1661,113,123.84667940643382
1662,78,212.8497122384712
1663,116,585.2426847043882
1664,63,473.0169130168603
1665,37,95.33624704172071
1666,121,418.0574123251494
1667,129,540.2999167129309
1668,90,224.58851261807672
1669,120,733.2537077983309
1670,124,574.228177643696
1671,114,198.65548066942426
1672,127,780.0640999302557
1673,136,878.8657462889312
1674,133,515.8236132632937
1675,99,392.7467377331096
1676,129,349.5854688055555
1677,137,1512.6460260087288
1678,55,17.204650534085253
1679,136,325.12459150301135
1680,82,230.2628932329306
1681,128,102.6498904042279
1682,113,90.80198235721508
1683,132,317.00157728314224
1684,135,480.7598152924181
1685,136,388.2022668661274
1686,130,31.11269837220809
1687,44,243.51591323771842
1688,128,162.27445886522005
1689,109,380.06446821559103
1690,124,163.29421300217592
1691,119,297.89259809535383
1692,136,49.8196748283246
1693,122,321.6224494652076
1694,137,339.2653828494738
1695,100,298.3973860475323
1696,115,221.23742902140225
1697,109,159.38004893963358
1698,130,300.83217912982644
1699,95,286.34245231889736
1700,113,23.53720459187964
1701,119,433.0819783828461
1702,82,473.7531002537081
1703,106,430.0290687848904
1704,127,149.30505684671232
1705,125,172.58621034138272
1706,102,1015.4900294931507
1707,110,162.09873534361705
1708,55,289.9275771636772
1709,92,231.3547060251855
1710,108,984.9365461794988
1711,20,283.08655920053855
1712,140,233.70280272174745
1713,125,260.84861510078986
1714,49,222.44325119005072
1715,106,249.8739682319869
1716,66,555.4394656485979
1717,112,255.98828098176682
1718,132,139.2838827718412
1719,92,294.7303852676205
1720,128,436.26138953613577
1721,128,643.3303972299149
1722,113,309.5109044928789
1723,135,486.30957218627725
1724,75,578.3329490872883
1725,136,94.57801012920498
1726,134,173.24260445975753
1727,134,623.8990302925627
1728,109,386.63807365545364
1729,121,385.7473266271589
1730,132,208.70074269153906
1731,90,1192.4583850181104
1732,138,167.73789077009405
1733,92,699.8071162827655
1734,136,61.326992425847855
1735,115,312.0032051117424
1736,136,544.3987509170094
1737,122,154.45711378890906
1738,137,107.01868995647442
1739,53,446.3765226801248
1740,135,264.7149410214694
1741,96,3385.6243146574902
1742,128,965.9917183910015
1743,105,294.47750338523315
1744,109,134.65882815471105
1745,132,290.26367323521555
1746,135,755.7473122677976
1747,138,458.9782129905514
1748,120,95.33624704172071
1749,125,105.07616285342742
1750,100,1015.9729327103158
1751,134,401.6590594023742
1752,116,1534.8133437001386
1753,130,1164.7081179420018
1754,128,320.7023542164915
1755,118,536.6153184544772
1756,95,103.4842983258813
1757,81,169.43435306926398
1758,112,224.58851261807672
1759,103,320.4496840379157
1760,112,762.4224550733012
1761,122,393.7219831302286
1762,125,722.4970588175429
1763,119,346.68862109968364
1764,137,265.8759109058209
1765,80,241.03319273494262
1766,120,514.2081290683764
1767,138,266.83515510516975
1768,57,205.50669088864237
1769,116,489.52221604335796
1770,69,822.1976647984352
1771,100,344.431415524194
1772,128,194.85892332659543
1773,129,472.2478162998745
1774,64,79.55501241279521
1775,108,1265.1387275710122
1776,33,411.83006204015754
1777,98,98.29038610159185
1778,127,225.30423875284725
1779,130,214.84878403193255
1780,101,728.0968342191854
1781,119,328.5620184987912
1782,120,505.5937104039171
1783,135,1492.8857960339767
1784,134,329.67408148048276
1785,124,177.79201331893398
1786,129,101.11874208078342
1787,103,409.0880100907383
1788,109,138.92443989449805
1789,131,169.54350474140847
1790,116,403.20962290104137
1791,92,104.04806581575652
1792,129,95.0789145920377
1793,15,191.3243319601561
1794,87,236.34931774811622
1795,119,770.2110100485451
1796,106,134.7145129523913
1797,114,1377.042119907739
1798,130,1759.8298213179592
1799,139,131.0953851209111
1800,61,175.72706109191037
1801,125,894.6692126143606
1802,142,146.7548977036201
1803,162,397.03526291753985
1804,121,66.21933252457322
1805,107,288.5862089566998
1806,141,529.7942997050836
1807,140,259.8499567057882
1808,137,128.0
1809,77,144.20124826089406
1810,131,212.61467494037188
1811,141,278.21754078418564
1812,134,480.71301209765477
1813,138,790.3929402518725
1814,139,161.1241757155021
1815,107,325.4243383645421
1816,80,413.19244910816076
1817,142,357.2002239640955
1818,128,636.1336337594483
1819,111,420.0238088489747
1820,111,262.01145013147806
1821,134,451.05321193845856
1822,117,269.15608854343236
1823,79,76.38062581571324
1824,149,402.715780669196
1825,125,521.2542565773444
1826,132,665.9204156654157
1827,139,121.31364309095659
1828,121,263.0304164920856
1829,152,228.66788143506292
1830,130,477.73737555271936
1831,81,509.40062818964014
1832,142,139.51702405083043
1833,151,54.48853090330111
1834,39,785.1604931477385
1835,128,355.45604510262586
1836,144,1055.9592795179178
1837,114,419.69512744371957
1838,86,120.83045973594572
1839,115,424.92352253081964
1840,138,189.21416437465774
1841,122,991.4131328563285
1842,129,320.2577087284551
1843,81,131.60547101089682
1844,137,393.0101779852527
1845,143,537.2941466273386
1846,145,383.3431882791189
1847,122,179.64409258308496
1848,144,229.43844490407443
1849,137,344.02325502791234
1850,115,199.0
1851,115,97.0
1852,75,123.00406497347964
1853,122,445.88002870727456
1854,130,291.6504757410829
1855,145,2405.9054428634554
1856,139,350.16853085335924
1857,62,481.9761404883026
1858,127,379.3481250777444
1859,136,1584.0255679754666
1860,130,35.805027579936315
1861,85,124.27791436936813
1862,147,230.67292862405853
1863,139,245.8373446000424
1864,133,2827.742739359435
1865,110,303.7268509697488
1866,77,105.01904589168576
1867,85,106.30145812734649
1868,127,198.09341230843594
1869,129,254.8803640926464
1870,140,369.5416079415145
1871,146,34.23448553724738
1872,129,337.1527843574779
1873,44,554.1299486582548
1874,68,385.63194888390666
1875,118,184.0108692441835
1876,145,515.1708454483813
1877,140,615.8904123299859
1878,124,197.25364381932212
1879,146,433.4166586553867
1880,113,249.61570463414355
1881,132,48.373546489791295
1882,82,494.1426919423174
1883,141,379.7222669267632
1884,154,678.0265481527991
1885,105,737.2435147222388
1886,149,520.8771448239978
1887,147,692.9314540414514
1888,141,146.696966567138
1889,88,132.84953895290718
1890,57,202.5561650505854
1891,145,328.7461026384952
1892,97,230.22163234587666
1893,147,324.04474999604605
1894,128,562.2819577400647
1895,95,490.7677658526485
1896,121,330.5465171500072
1897,85,76.05918747922567
1898,121,332.18217893198306
1899,57,366.5637734419483
1900,137,280.7026896914242
1901,119,265.7084868798887
1902,111,114.5294721894762
1903,129,196.7739820199815
1904,95,307.0977043222564
1905,115,530.904887903662
1906,103,148.07092894960846
1907,89,159.10059710761615
1908,127,611.8986844241455
1909,116,168.5734261382855
1910,129,281.78892810044897
1911,136,248.91765706755317
1912,107,283.28254446753334
1913,134,268.24242766572183
1914,133,156.259399717265
1915,152,1679.0002977962808
1916,138,518.8997976488332
1917,136,756.138214878735
1918,126,941.7600543662913
1919,128,261.895017134729
1920,142,531.5496213901389
1921,114,501.0249494785664
1922,128,354.682957019364
1923,157,2193.3814077811458
1924,94,220.32702966272657
1925,140,178.60011198204776
1926,130,524.4435145942792
1927,126,609.4144730805135
1928,138,358.8983142897163
1929,88,251.6445906432324
1930,98,192.89893727027115
1931,142,25.0
1932,140,787.175329897984
1933,148,3655.309562814072
1934,107,435.7900870832195
1935,137,517.3026193631731
1936,133,232.99785406737118
1937,124,150.98675438593943
1938,135,610.3711985341379
1939,126,1226.860220237008
1940,83,52.15361924162119
1941,136,103.23274674249446
1942,53,47.01063709417264
1943,139,149.00335566691106
1944,113,278.91575789115967
1945,131,266.32686683847726
1946,148,252.29546171106605
1947,134,300.0
1948,129,273.9069184960467
1949,135,651.9946318797417
1950,134,128.1327436684316
1951,142,129.5569372901351
1952,154,649.5544626896193
1953,77,161.64467204334326
1954,151,136.2974687952788
1955,149,114.58621208504974
1956,128,759.0006587612424
1957,120,244.51789300580847
1958,119,118.40608092492548
1959,118,253.3396929026322
1960,127,157.175061635108
1961,154,373.1621631409058
1962,137,158.83639381451596
1963,155,65.62011886609167
1964,155,324.57972826410463
1965,135,802.4618370988118
1966,79,89.88882021697692
1967,120,2089.069170707375
1968,137,770.275924588066
1969,135,891.7852880598558
1970,135,876.7901687405032
1971,114,89.55445270895244
1972,147,379.11739606617897
1973,156,209.88091861815357
1974,152,396.82867839912984
1975,163,1001.999001995511
1976,133,397.9057677390465
1977,168,65598.69148847407
1978,127,245.93088459971838
1979,149,261.27571643763605
1980,158,420.38672671719786
1981,147,321.90837205639747
1982,26,67.02984409947557
1983,150,63.198101237299845
1984,151,214.21951358361358
1985,155,219.69296757065302
1986,132,134.73678042761748
1987,129,22.67156809750927
1988,139,77.05841939723393
1989,157,360.61197983428116
1990,135,1431.7122615944868
1991,149,348.08045047086455
1992,103,78.49203781276162
1993,106,55.226805085936306
1994,141,456.16225183590103
1995,154,452.07079091664394
1996,152,698.4017468477581
1997,152,187.94946129212502
1998,136,1222.5583830639746
1999,162,1411.0354354161343
2000,127,236.6981199756348
2001,158,408.53151653207857
2002,152,188.30825791770258
2003,152,392.5213369996592
2004,155,451.6159873166582
2005,66,411.40734072206345
2006,144,171.77310616042314
2007,69,1072.0382455864155
2008,130,261.4727519264675
2009,154,159.20113064925135
2010,156,589.5735747131141
2011,146,117.64777940955791
2012,155,446.56130598160877
2013,156,480.1770506802673
2014,125,751.8350883006193
2015,124,127.34991166074674
2016,129,181.1573901335521
2017,132,119.25183436744275
2018,154,435.12986567230706
2019,137,1119.2394739286137
2020,152,390.2166065148945
2021,145,113.1591799192624
2022,148,93.05912099305473
2023,156,1255.2513692484067
2024,70,573.6357729430758
2025,147,584.9555538671293
2026,137,205.9732992404598
2027,154,418.6287137786896
2028,127,86.02325267042627
2029,143,726.1101844761579
2030,118,818.9810742624032
2031,153,231.5534495532295
2032,78,326.5455557805067
2033,146,322.9876158616612
2034,141,180.27756377319946
2035,86,341.40005858230313
2036,122,91.52595260361949
2037,150,164.10362579784763
2038,134,803.1251459143837
2039,157,1275.976880668298
2040,143,524.8104419692886
2041,68,2120.7097868402457
2042,156,561.6377836292711
2043,161,874.9268540855287
2044,124,334.0134727821619
2045,138,229.7520402520944
2046,132,594.7276687694965
2047,113,170.20575783445165
2048,129,158.8238017426859
2049,119,489.14619491518073
2050,82,19.1049731745428
2051,122,137.43725841270262
2052,131,249.9059823213522
2053,155,381.9031290785662
2054,156,652.1410890290535
2055,21,172.16852209390657
2056,152,78.85429601486528
2057,135,382.7962904731445
2058,146,292.056501382866
2059,145,540.8142009969782
2060,159,327.319415861632
2061,157,976.3493227323917
2062,132,329.2931824377784
2063,147,1067.6563117408148
2064,137,76.32168761236873
2065,73,960.3088044998858
2066,127,356.45196029759745
2067,29,419.17299531339086
2068,161,642.921457100321
2069,124,151.75308893067054
2070,150,30.886890422961002
2071,156,539.351462406472
2072,156,127.1416532848303
2073,160,248.31633051412467
2074,163,549.1821191553855
2075,34,451.30588296630924
2076,138,261.19150062741323
2077,115,370.26612051334104
2078,76,301.3652269257354
2079,96,297.80866340655706
2080,156,704.8418262277005
2081,160,131.55227098001768
2082,36,278.29660436304283
2083,153,352.0227265390688
2084,154,271.28029784707917
2085,145,268.4641503068892
2086,147,537.4625568353576
2087,140,461.182176585349
2088,140,547.5837835436693
2089,151,491.02443931030564
2090,149,125.03599481749245
2091,163,1169.7713451781933
2092,150,139.26952286842948
2093,126,331.48906467634794
2094,103,368.77364330982226
2095,165,622.5407617176566
2096,158,1245.922951068805
2097,160,231.62469643800938
2098,155,586.1919480852667
2099,152,57.245087125446844
2100,108,820.9756391026472
2101,131,149.83324063771698
2102,96,499.52477416040136
2103,135,1836.968426511463
2104,137,314.00636936215164
2105,111,296.4354904528134
2106,95,640.1577930479328
2107,139,163.19313711060278
2108,95,416.7601228524629
2109,113,343.35404468274436
2110,90,364.22657783308455
2111,144,185.80904176062046
2112,161,189.71821209362056
2113,76,236.30488780387088
2114,118,402.15917246781777
2115,116,737.8346698278687
2116,156,330.26050323948823
2117,123,331.470964037576
2118,110,111.28791488746656
2119,128,568.2860195359375
2120,104,107.44766167767449
2121,155,410.20970246935894
2122,107,379.1319031682773
2123,161,171.71196813268432
2124,155,83.81527307120105
2125,111,845.4306594866312
2126,165,2075.332503479864
2127,123,285.02806879323305
2128,142,235.72229423624742
2129,86,370.6534769835567
2130,164,469.46991383900206
2131,135,1376.8369547626182
2132,152,111.7899816620434
2133,119,130.77079184588584
2134,135,804.1741105009536
2135,107,674.0363491682033
2136,164,774.7838408227162
2137,158,421.2172835960082
2138,112,389.4008217762258
2139,117,254.6075411294803
2140,136,866.3607793523435
2141,93,262.23081436017395
2142,111,149.093930124603
2143,136,437.65283044897586
2144,153,336.46693745448454
2145,107,500.5486989294848
2146,152,51.78802950489621
2147,132,345.21877121616666
2148,121,159.3549497191725
2149,137,124.4869471069156
2150,119,1047.4015466858925
2151,124,611.117828245912
2152,86,440.4588516535909
2153,153,95.524865872714
2154,158,154.30489298787643
2155,158,721.5206164760643
2156,55,777.2580009237602
2157,141,86.33075929238663
2158,153,1177.67779973981
2159,125,124.86793023030373
2160,149,459.6194077712559
2161,158,1419.8767552150432
2162,110,316.6654385941099
2163,121,584.1438179078847
2164,97,286.02447447727263
2165,102,455.10108767173915
2166,96,113.6001760562016
2167,161,527.5651618520692
2168,140,348.4852938073571
2169,157,762.1056357225027
2170,103,161.31955864060626
2171,164,1880.8264141063098
2172,163,387.0826785068017
2173,161,874.2768440259641
2174,118,288.60006930006097
2175,114,124.01612798341996
2176,142,1144.1415996282979
2177,132,558.2015764936534
2178,160,81.32035415564789
2179,133,117.04699910719626
2180,157,290.33773437154184
2181,155,841.9317074442558
2182,79,131.38112497615478
2183,156,345.98410368107955
2184,115,156.46724896923317
2185,99,290.0431002454635
2186,146,412.8014050363685
2187,88,288.87713651308576
2188,134,199.6722314193939
2189,114,547.2339536249556
2190,122,653.9120736001133
2191,153,218.93606372637652
2192,123,1297.717997101065
2193,128,432.9353300436452
2194,162,383.2623122614589
2195,161,127.22421153223941
2196,67,458.5280798380836
2197,115,192.31744590650115
2198,98,285.87060009731675
2199,88,256.27524265913786
2200,156,527.6229714483629
2201,131,491.4509131134055
2202,127,554.2291944674153
2203,162,412.1480316585292
2204,141,221.35265979879256
2205,164,2395.938229587733
2206,128,244.63237725207185
2207,140,778.5377319051403
2208,119,387.5590277622236
2209,138,149.37536610833797
2210,135,2532.9084073452004
2211,145,497.2574785762402
2212,164,294.20571034566956
2213,162,536.7308450238351
2214,92,342.58429619584143
2215,143,1473.1615661562719
2216,116,628.322369488784
2217,139,63.071388124885914
2218,123,73.68174807915459
2219,134,190.26297590440447
2220,87,290.99828178186897
2221,134,275.13632984395207
2222,112,658.4056500365106
2223,161,81.54140052758476
2224,89,202.7732724004818
2225,150,155.54099138169335
2226,162,364.5449217860537
2227,112,1418.6292679907601
2228,133,540.6930737488691
2229,91,572.8254533450831
2230,159,491.3206692171621
2231,122,75.53806987208503
2232,164,577.4582235971707
2233,103,82.73451516749222
2234,70,1267.913640592292
2235,152,288.6468430452687
2236,118,304.4289736539543
2237,135,1004.6710904569713
2238,67,661.0068078318104
2239,123,565.5377971453368
2240,96,182.91528093628483
2241,82,164.90603384958357
2242,151,679.3938474846531
2243,109,809.3732142837443
2244,128,448.54542690791084
2245,151,717.6963146066727
2246,142,749.7766334049095
2247,164,949.3292368825475
2248,107,370.994609125254
2249,88,228.31995094603536
2250,104,207.27276714513172
2251,139,27.586228448267445
2252,114,377.09680454758563
2253,104,172.00290695217916
2254,110,474.157146946031
2255,94,286.54144551879403
2256,88,201.5341162185698
2257,79,620.9162584439225
2258,103,200.55173896029922
2259,128,88.10221336606703
2260,133,517.4214916294065
2261,121,138.70832707519762
2262,131,340.64791207344865
2263,133,96.40020746865642
2264,128,353.23080273384994
2265,148,69.06518659932803
2266,82,2065.67035124194
2267,144,123.4908903522847
2268,139,143.69411957348845
2269,138,83.18653737234169
2270,127,230.15212360523637
2271,121,657.0
2272,134,414.03502267320334
2273,120,1353.2542259309594
2274,123,1927.9411298066132
2275,135,1466.3021516727035
2276,116,1433.2536411954445
2277,130,250.19392478635447
2278,118,186.3249849054066
2279,117,72.56031973468694
2280,78,396.0934233233367
2281,127,272.1488563268271
2282,136,196.31097778779463
2283,133,225.14217730136662
2284,146,782.9955300000122
2285,121,751.5597115332886
2286,135,670.8576600144028
2287,122,221.56263222845138
2288,135,1406.2208219195163
2289,96,319.6075718752608
2290,140,499.5377863585497
2291,136,392.43980430124566
2292,119,329.07445965920846
2293,133,574.3491969176939
2294,139,305.48486050866745
2295,128,522.5514328752721
2296,115,1178.26525027262
2297,120,152.10851389715174
2298,108,961.6615828866203
2299,143,358.3029444478513
2300,99,353.0
2301,140,404.357515077932
2302,117,190.67249408344142
2303,137,36.6742416417845
2304,59,443.3012519720647
2305,130,123.30855606972291
2306,143,316.76489704511135
2307,132,463.9234850705448
2308,95,1410.5070010460777
2309,140,336.78776699874356
2310,122,1582.5605833585014
2311,144,68.11754546370561
2312,137,238.0021008310641
2313,96,211.62466774929618
2314,129,454.1035124286092
2315,139,542.7061820174891
2316,142,327.38509434609267
2317,64,365.32861919099633
2318,83,1085.4146673046205
2319,147,1265.4200883501098
2320,136,421.1424937001727
2321,145,378.30807551518114
2322,144,570.0982371486514
2323,131,250.9222987301049
2324,128,1083.7439734549853
2325,119,364.6066373504465
2326,113,978.2474124678276
2327,141,120.43255373859678
2328,140,576.5561551141398
2329,137,26.92582403567252
2330,142,219.58369702689677
2331,100,369.0
2332,129,987.4477201350966
2333,106,268.47718711279737
2334,109,149.00335566691106
2335,134,286.66705426330384
2336,97,178.6644900364927
2337,138,86.68333173107735
2338,128,102.95630140987001
2339,118,277.5968299530814
2340,91,168.31518053936787
2341,127,508.96758246473814
2342,130,66.73080248281148
2343,137,143.22360140703069
2344,138,362.80159867343474
2345,73,308.36666486505965
2346,119,243.19950657844683
2347,113,308.00162337234525
2348,117,115.43396380615195
2349,137,124.27791436936813
2350,132,84.75848040166836
2351,91,244.38698819699874
2352,121,105.39449701004318
2353,147,1259.3911227255812
2354,113,112.44554237496477
2355,135,1438.0410286219235
2356,125,94.13288479590966
2357,104,139.20129309744217
2358,122,338.74031351464504
2359,130,366.0341514121326
2360,136,226.55021518418383
2361,140,383.9505176451778
2362,111,195.1665955024066
2363,108,382.41469637031474
2364,94,211.4000946073582
2365,145,49.040799340956916
2366,97,232.91200054956377
2367,118,292.60553651631403
2368,102,634.8740032478886
2369,86,70.178344238091
2370,139,174.4706279005151
2371,111,349.7313254485506
2372,140,732.6752350120754
2373,135,299.3008519867593
2374,144,48.60041152089147
2375,140,942.6330144865498
2376,137,84.48076704197234
2377,114,133.6600164596728
2378,123,1856.0387926980407
2379,89,222.27910383119686
2380,130,249.3290997858052
2381,144,174.34735443934903
2382,94,373.61611314288893
2383,131,844.7538102903118
2384,106,276.39102735074454
2385,121,162.53307355735325
2386,139,233.13729860320507
2387,131,67.446274915669
2388,132,162.18816233005415
2389,105,90.24965373894794
2390,139,233.45235059857504
2391,140,335.0373113550191
2392,118,400.681918733551
2393,138,108.45275469069469
2394,143,939.809555175941
2395,126,1243.4375738250794
2396,128,968.5065823214626
2397,122,918.7932302754522
2398,131,407.84801090602366
2399,105,1670.0505980358798
2400,99,329.013677527242
2401,74,57.706152185014034
2402,132,539.3199421493701
2403,133,76.94153624668537
2404,72,172.81782315490494
2405,127,105.65036677645753
2406,112,1454.1010968980115
2407,70,1603.4503422307782
2408,95,604.1522986797286
2409,130,188.95766721676048
2410,108,563.3515776138379
2411,130,618.9426467775507
2412,137,169.85287751463028
2413,112,113.7453295744489
2414,111,389.8358628961681
2415,61,228.96506283710622
2416,133,268.26293072282647
2417,91,119.10079764636339
2418,140,492.05893955907356
2419,80,590.4117207508672
2420,54,179.44637081869334
2421,112,1128.292958411068
2422,84,326.6573127912492
2423,85,92.35799911215054
2424,107,501.099790460942
2425,137,415.12046444375636
2426,76,696.3289452550425
2427,123,754.650912674198
2428,108,2459.6605456851153
2429,121,197.60819821049935
2430,137,173.4877517290486
2431,86,543.7251143730626
2432,125,307.7092783781471
2433,123,1164.8472002799338
2434,128,671.6010720658508
2435,124,200.26232796010336
2436,101,653.9373058634902
2437,106,190.68560512005095
2438,127,226.43321311150447
2439,104,578.6691628210372
2440,121,378.60929729735903
2441,138,579.5394723398916
2442,135,296.17731175766994
2443,108,1941.0370939268523
2444,100,256.2888994864975
2445,118,487.0256666747657
2446,101,1202.4279604200826
2447,116,390.4779123074697
2448,112,615.8904123299859
2449,118,271.31162894354526
2450,88,46.61544808322666
2451,110,533.8773267333986
2452,133,198.65799757371965
2453,64,1738.7251076579068
2454,80,337.69957062454193
2455,133,529.6583804680145
2456,109,414.03502267320334
2457,115,217.947241322298
2458,133,96.83491106000976
2459,122,283.73403038761495
2460,127,257.6198750096739
2461,102,489.6386422659061
2462,138,794.9691817926026
2463,136,274.4485379811669
2464,52,860.5515673101758
2465,80,248.9738942138312
2466,116,467.37244249099666
2467,112,679.7977640445723
2468,29,744.6240662240242
2469,138,345.8453411569975
2470,112,477.4232922679831
2471,134,293.43653487594213
2472,114,742.1623811538819
2473,91,166.01204775557707
2474,58,235.30618351416098
2475,128,177.6091213873882
2476,140,308.8251932728287
2477,112,995.3637526050464
2478,127,897.898101122839
2479,126,1810.0732029395938
2480,109,133.6600164596728
2481,93,406.59562220958554
2482,133,121.74152947946727
2483,85,30.14962686336267
2484,138,536.5389081883997
2485,96,240.160363090998
2486,123,979.5473444402777
2487,136,1165.1755232581913
2488,139,210.79373804740976
2489,104,456.51396473711515
2490,110,148.92279879185725
2491,124,1061.4033163694185
2492,101,679.6072395141182
2493,136,191.42622599842477
2494,126,136.01470508735443
2495,129,428.8554535038583
2496,88,735.5277017216958
2497,124,327.00611615075337
2498,136,157.7244432546839
2499,103,69.0
2500,137,265.41476974727686
2501,121,234.8041737278109
2502,135,229.0589443789524
2503,111,324.6074552440224
2504,136,338.89231327960215
2505,139,195.8187937865005
2506,125,633.060028749249
2507,118,357.6940033045005
2508,131,122.14745187681976
2509,110,163.0828010551695
2510,137,92.34717104492157
2511,135,251.87298386289865
2512,106,331.6926287996162
2513,140,490.7015386158882
2514,137,157.88920165736477
2515,123,719.4004448149861
2516,75,45.27692569068709
2517,96,347.80741797724784
2518,117,315.6342820417326
2519,111,70.03570517957252
2520,86,132.00378782444085
2521,80,98.00510190801293
2522,113,573.013961435496
2523,136,508.1928767702279
2524,137,281.3680863211036
2525,130,188.31091311976584
2526,140,364.06180793925637
2527,131,233.0600780914655
2528,81,856.6241883113038
2529,104,342.94751785076386
2530,132,460.3237990806037
2531,130,279.0412155936825
2532,118,258.5207922005501
2533,79,269.675731203236
2534,131,234.0299126180241
2535,121,396.2953444086872
2536,137,200.80089641234176
2537,93,269.0074348414928
2538,142,655.5150646628955
2539,137,535.7984695760151
2540,60,832.0486764606984
2541,130,304.85406344675806
2542,113,242.03305559365234
2543,111,590.139813942425
2544,135,106.23088063270491
2545,92,227.68399153212331
2546,140,361.00554012369395
2547,137,101.82828683622247
2548,74,228.1074308302998
2549,103,95.25754563287887
2550,118,621.2648388569886
2551,120,833.3960643055617
2552,139,330.00151514803684
2553,106,1187.1621624698118
2554,134,198.8164983093707
2555,106,226.41775548750587
2556,138,797.0903336510862
2557,142,61.40032573203501
2558,146,359.18936509868996
2559,137,863.9039298440539
2560,130,138.24615727028365
2561,135,668.6890159109838
2562,116,344.8840384825021
2563,140,918.5689957754943
2564,132,394.0012690334893
2565,92,449.8855409990412
2566,125,417.612260356422
2567,134,416.45407910116575
2568,123,1165.89279095464
2569,122,315.9699352786591
2570,144,151.75308893067054
2571,139,119.26860441876563
2572,142,213.02582003128165
2573,138,174.14074767268
2574,135,319.0109715981568
2575,114,337.66403421152216
2576,130,257.59852484049674
2577,116,216.9469981354893
2578,139,363.40748478808194
2579,136,420.2201803816661
2580,123,768.4276153288611
2581,140,155.24174696260025
2582,68,1353.4906722988526
2583,116,302.23500789948207
2584,112,1415.1445155884257
2585,100,109.48972554536796
2586,129,77.42092740338364
2587,99,1230.5385000072122
2588,110,229.86300267768192
2589,137,195.25624189766637
2590,132,201.2958022413781
2591,111,644.4377394287209
2592,130,294.3908965983833
2593,142,277.41124706831914
2594,109,204.57028132160352
2595,120,1962.3957297140655
2596,109,170.07351351694948
2597,134,213.75921032788273
2598,135,125.60652849274993
2599,112,1252.2911003436861
2600,120,845.5915089450698
2601,138,322.27317604789886
2602,142,42.5440947723653
2603,135,172.45579143653018
2604,146,631.8108894281579
2605,139,41.048751503547585
2606,60,598.3920119787697
2607,118,10.816653826391969
2608,137,226.99118925632334
2609,139,175.8465239918037
2610,102,75.1065909225016
2611,129,506.22228319188
2612,130,398.80320961597084
2613,118,537.1415083569692
2614,135,546.5720446565118
2615,128,620.8461967347469
2616,114,107.68936809174804
2617,71,974.4834529123622
2618,137,61.05735008989499
2619,100,459.07733553291433
2620,137,165.51132891738862
2621,135,425.5126320099087
2622,123,1159.9043063977304
2623,107,109.01834707974616
2624,135,146.98639392814562
2625,128,267.0318333083155
2626,132,174.3244102241565
2627,142,302.03476621077914
2628,98,474.70938478188947
2629,97,211.29126815843574
2630,123,2441.018025332873
2631,134,374.626480644388
2632,143,1125.584736925657
2633,118,261.6295090390226
2634,122,2170.4729899263893
2635,98,392.65888503891006
2636,139,20.518284528683193
2637,142,322.1335126931068
2638,128,352.24139450098704
2639,135,307.4345458792814
2640,58,309.5109044928789
2641,144,167.14065932620943
2642,138,312.07851576165893
2643,113,475.9348694937155
2644,136,162.60381299342276
2645,135,66.70832032063167
2646,85,151.23822268196622
2647,141,321.30981933330327
2648,139,300.4430062424486
2649,133,925.9730017662501
2650,145,407.0110563608807
2651,143,1973.6466249052792
2652,127,577.9904843507373
2653,92,109.48059188732951
2654,82,426.35665821000146
2655,120,365.55847685425107
2656,84,753.2655574231441
2657,124,246.3331078032346
2658,135,450.0244437805573
2659,139,975.7094854514842
2660,127,334.12722127955993
2661,125,200.8233054204616
2662,138,571.1357106677887
2663,147,336.85902095683883
2664,137,166.388100536066
2665,121,331.6926287996162
2666,129,38.62641583165593
2667,133,65.76473218982953
2668,120,394.92910756235733
2669,115,218.3048327454067
2670,124,156.02884348735012
2671,124,104.93807697875924
2672,100,461.1398920067532
2673,131,86.00581375697809
2674,144,344.30800164968576
2675,127,164.63899902513984
2676,80,240.65119987234635
2677,137,563.2486129587893
2678,82,77.87810988975015
2679,133,165.42369842317032
2680,142,262.9923953273174
2681,139,75.6042326857432
2682,127,382.69178198649627
2683,142,463.91486287895543
2684,102,2354.4691546078916
2685,135,209.34421415458323
2686,100,237.80033641691932
2687,145,36.124783736376884
2688,139,178.36199146679206
2689,130,870.3700362489509
2690,50,180.60177186284747
2691,100,149.80654191322887
2692,140,93.43446901438462
2693,106,255.78311124857325
2694,138,327.8673512260713
2695,141,206.45580640902304
2696,98,488.3973791903474
2697,131,587.412121087061
2698,140,128.3160161476345
2699,147,1112.178492868838
2700,117,179.20100446147057
2701,144,785.2903921480257
2702,144,393.8591118661596
2703,141,167.86303941010956
2704,130,158.95911424010893
2705,142,535.1971599326738
2706,144,160.89748288895012
2707,138,811.5331170075563
2708,144,82.03657720797473
2709,129,532.1522338579441
2710,121,303.3232599059953
2711,143,523.1300029629347
2712,79,426.5512864826456
2713,131,545.8094905734051
2714,123,1319.7651306198388
2715,137,119.77478866606278
2716,122,198.72594194015034
2717,74,243.3105012119288
2718,135,110.60289327137876
2719,131,240.41630560342617
2720,133,378.187784043853
2721,127,258.36601943754135
2722,122,522.5361231532228
2723,125,390.5444917035702
2724,113,221.21934815924217
2725,132,258.6426105652354
2726,144,137.08391590555036
2727,91,404.7344808636892
2728,119,217.34994824015948
2729,139,548.5663132201977
2730,136,526.0152089055981
2731,129,276.1340254296815
2732,144,113.28283188550682
2733,75,218.28879952943075
2734,143,613.244649385545
2735,100,29.017236257093817
2736,137,120.70211265756701
2737,91,608.2376180408443
2738,135,225.07776433935007
2739,117,156.40012787718558
2740,134,286.7821472825671
2741,54,510.9060579010588
2742,115,286.0629301395062
2743,124,214.61826576505553
2744,95,559.7320787662612
2745,141,183.33848477611022
2746,119,161.78998732925348
2747,141,218.5040045399626
2748,75,192.60841103129428
2749,122,1156.4998919152565
2750,127,163.37074401495514
2751,114,297.0605998782067
2752,77,112.08925015361643
2753,138,35.35533905932738
2754,141,129.79984591670362
2755,143,1129.9491138984977
2756,128,241.96280705926685
2757,130,195.0640920313116
2758,144,309.90321069650116
2759,133,358.11311062288684
2760,129,107.5174404457249
2761,129,295.6010825419961
2762,130,1407.8583025290577
2763,99,169.59363195591985
2764,114,225.37524265100637
2765,144,77.10382610480494
2766,143,236.40008460235373
2767,104,416.39524492962215
2768,142,370.52665221276595
2769,134,484.4811657845948
2770,130,464.9989247299396
2771,109,261.00766272276377
2772,144,321.16195291472496
2773,138,593.9713797818881
2774,132,495.8154898750139
2775,133,113.22985472038724
2776,144,247.7579463912308
2777,138,924.2753918611054
2778,142,432.7701468447194
2779,145,272.73430293969255
2780,124,625.2071656659095
2781,144,177.867928531256
2782,132,416.4864943788694
2783,140,483.50491207432424
2784,145,448.15176000993233
2785,141,304.16442921551493
2786,142,186.18807695446023
2787,133,122.97154142320898
2788,140,1177.3330030199613
2789,135,222.6791413671249
2790,120,2682.5981808686893
2791,144,482.6282213049709
2792,128,528.0303021607756
2793,139,319.8702862098948
2794,132,498.68827938903877
2795,134,182.50753409106156
2796,135,230.3670983452281
2797,142,325.25989608311687
2798,139,74.0
2799,128,138.05795884337854
2800,132,428.4343590329795
2801,143,1514.2684702522206
2802,140,1116.9073372487085
2803,109,282.46238687655386
2804,144,715.564113130333
2805,118,27.51363298439521
2806,125,27.586228448267445
2807,144,124.67958934805648
2808,124,441.77030230652673
2809,17,209.3083849252103
2810,103,88.58893836140041
2811,139,342.29957639471303
2812,141,199.6246477767713
2813,143,283.1960451701259
2814,144,203.92400545301183
2815,89,405.8780605058618
2816,133,163.0828010551695
2817,122,842.2000949893084
2818,132,543.9117575489612
2819,143,292.5491411711885
2820,102,676.6631362797888
2821,141,277.2760357477725
2822,133,419.5008939203825
2823,139,218.82641522448793
2824,107,709.2037788957416
2825,96,289.2334697091607
2826,137,265.0
2827,84,836.3808940907247
2828,141,335.77373333838966
2829,145,178.2133552795637
2830,145,192.01041638411183
2831,124,152.0690632574555
2832,138,732.3496432715729
2833,83,1245.747968089854
2834,139,303.1468291109112
2835,143,143.7358688706476
2836,65,581.0929357684535
2837,134,245.47301277329856
2838,128,416.6845329502884
2839,142,254.9215565620138
2840,98,179.64409258308496
2841,98,165.71059109181888
2842,142,288.11282512238154
2843,144,462.5894508092462
2844,137,221.20578654275752
2845,128,893.6582120699165
2846,133,37.33630940518894
2847,144,464.5826083701369
2848,113,519.7787991059274
2849,129,155.1934276958918
2850,135,228.53664913969487
2851,62,333.66450215748154
2852,114,381.7761124009725
2853,134,343.64225584174017
2854,56,225.53935355055003
2855,85,264.06817301598466
2856,114,552.6852630566515
2857,74,431.62252026510384
2858,128,410.62148019800424
2859,124,1129.9367238920947
2860,87,658.3471728503131
2861,130,650.4805915628843
2862,96,540.769821643183
2863,97,311.08841187032345
2864,105,201.30076999355964
2865,107,473.5271903491921
2866,78,180.20543831971332
2867,129,256.587217140683
2868,99,365.54753452868476
2869,122,186.27130750601393
2870,46,21.095023109728988
2871,26,335.77373333838966
2872,135,156.21779668142807
2873,72,300.29319006597535
2874,135,391.0831113714833
2875,115,498.992985922648
2876,105,83.73768566183328
2877,119,945.1687679986046
2878,104,138.7984149765407
2879,114,565.1274192604709
2880,48,518.645350890182
2881,114,224.0
2882,136,472.00953380201975
2883,115,259.0694887477103
2884,111,490.36822898715616
2885,93,151.74320413119
2886,133,467.6686861443687
2887,136,792.810822327748
2888,97,111.19802156513397
2889,94,654.0833280248014
2890,109,260.4611295375953
2891,115,512.0820246796405
2892,50,350.11569516375584
2893,99,439.30058046854435
2894,116,292.8019808676164
2895,95,323.3604799600594
2896,57,74.41102068914255
2897,132,524.9695229249028
2898,108,1780.4182092980288
2899,126,931.538512354696
2900,126,1499.4095504564455
2901,110,649.3727742983995
2902,109,120.22063050907694
2903,112,1674.5650181465037
2904,102,986.230196252376
2905,44,275.230812228573
2906,136,187.18172987767795
2907,135,110.98198051936178
2908,82,164.80594649465777
2909,35,425.9730038394452
2910,73,108.0
2911,109,582.4645911984693
2912,95,1637.3594596178323
2913,76,1756.002562640499
2914,100,855.5986208497534
2915,102,511.7655713312493
2916,70,2090.2248682857066
2917,95,868.8900966175181
2918,60,379.8644495079791
2919,60,83.57032966310472
2920,93,291.40521615098106
2921,109,80.52949770115296
2922,100,295.0610106401725
2923,87,56.32051136131489
2924,134,849.602848394472
2925,116,1290.1573547439862
2926,114,96.40020746865642
2927,123,2433.6055555492144
2928,133,389.00514135419854
2929,134,330.82321563034236
2930,83,618.2337745545774
2931,123,3072.3067880665826
2932,82,594.8193002921139
2933,120,371.9744614889576
2934,43,290.6303494131334
2935,97,89.81091247727082
2936,129,261.0938528575501
2937,132,113.99122773266372
2938,134,234.1815535006974
2939,135,195.74728606036916
2940,114,203.5706265648362
2941,101,440.4327417438445
2942,119,372.07526120396665
2943,71,2058.2606734813744
2944,78,60.92618484691127
2945,83,778.8279655995925
2946,77,324.85227411855993
2947,113,314.4550842330268
2948,89,73.68174807915459
2949,132,199.12307751739877
2950,66,155.3898323572041
2951,123,461.4000433463352
2952,134,567.0917033425899
2953,135,236.47621444872632
2954,79,192.78226059469267
2955,66,56.639209034025185
2956,82,151.40013210033868
2957,103,270.14995835646545
2958,88,454.1101188037985
2959,84,646.6111660031862
2960,93,443.6146976825723
2961,132,474.5366160793074
2962,120,2900.317568818973
2963,91,248.69660230891776
2964,133,127.09838708654017
2965,115,909.5372449768068
2966,95,1067.9218136174577
2967,88,161.55494421403512
2968,131,102.7861858422619
2969,97,117.34138229968147
2970,134,442.5573409175358
2971,88,457.56420314530726
2972,123,2192.631752027686
2973,108,382.25645841502796
2974,132,145.96232390586277
2975,83,755.9497337786422
2976,113,234.8297255459794
2977,119,746.5420282877582
2978,120,1636.1531101947642
2979,127,589.9101626519075
2980,66,1321.182046502298
2981,74,69.35416353759881
2982,122,205.99514557387025
2983,45,415.6549049391815
2984,119,469.5125131452835
2985,116,231.89006015782564
2986,110,990.1398891065847
2987,125,394.6770831958704
2988,127,93.77632963600144
2989,124,80.62257748298549
2990,67,887.7218032694702
2991,80,1115.6330041729673
2992,108,3837.751555272957
2993,114,179.49373248110922
2994,124,671.5094936037763
2995,102,223.86156436512275
2996,130,372.1746901657876
2997,102,756.6141685165564
2998,105,122.37646832622684
2999,127,66.48308055437865
